C10-1111: 1 2 3 8 9 11 15 16 17 18 23 25 29 30 35 36 37 38 41 45 64 67 78 81 101 111 112 116 121 124 128
C10-2046: 1 2 3 7 18 19 22 23 24 26 27 29 34 37 38 42 43 46 52 53 61 73 74 75 77 80 107 127 128 148 149 195 196 197
C10-2049: 3 9 10 11 12 24 25 30 34 84 88 91 94 98 101 102 104 105 106 110 116 118 152 153 168 169 170 172 173 177 178 179 197
C12-1136: 1 4 6 8 9 12 13 16 18 19 29 30 32 39 41 42 44 45 48 53 54 65 112 119 120 122 123 130 135 154 157 161 162 163 164 171 175 189 191 192
C12-1182: 1 2 13 14 15 18 28 29 34 48 49 51 52 53 54 109 110 162 163 172 173 178 180 184 185 193 195 196 201 224 225
C14-1113: 1 5 6 7 16 61 62 63 77 100 106 110 114 116 117 141 156 158 159 163 164 173 174 175 180
C14-1187: 1 4 6 11 12 14 25 26 27 28 40 41 42 51 52 53 65 70 71 80 141 166 167 171 174
D11-1105: 1 3 4 5 6 8 11 23 30 32 33 34 36 37 95 96 100 101 106 107 108 117 122 123 131 132 135 140 145 149 151 158 161 162 163 166 201 205 222 235
D13-1069: 1 5 6 7 19 20 24 28 30 33 37 44 45 46 48 50 54 56 85 90 92 94 95 101 102 138 139 140 141 142 144 146 147 148 219 221
D14-1156: 4 5 6 10 13 14 21 27 28 36 47 48 60 61 82 96 97 99 100 107
E12-1022: 1 3 4 5 7 8 9 10 12 14 18 19 20 28 29 30 31 32 35 39 43 46 47 49 50 52 53 54 58 63 165 167 170 171 196
E14-1075: 1 3 5 6 10 11 15 21 25 26 27 29 30 31 32 43 44 49 59 61 62 63 69 71 72 76 79 81 96 99 104 124 144 202 204 212 214 221 224 227 232
E14-4046: 1 12 13 19 21 25 26 27 29 30 31 55 63 64 77 80 102 103 110 141 142
N09-1041: 1 2 4 8 9 12 18 19 25 26 27 34 40 41 46 50 54 144 145 159 160 161 162 170 171 172 185 188 189 190 191 212 213 217 219
N12-1041: 1 6 8 9 10 11 13 14 15 19 23 24 42 43 46 64 65 79
N13-1136: 1 2 4 5 6 7 12 14 23 26 32 35 38 40 45 46 47 69 127 131 132 139 143 150 181 186 191 203 211 224 226 227 228 256 257 260 261
N13-2011: 1 4 10 12 13 14 23 41 48 53 54 55 62 111 112 113 115 116 117 118 130 131
N15-1145: 1 3 4 5 6 8 16 23 24 25 28 29 36 38 39 40 41 43 45 50 51 60 61 63 74 77 88 92 94 98 109 135 136
P06-1039: 1 6 7 12 20 25 29 35 81 109 110 164 166 168 172 173 175 178 190 192 198
P09-2075: 1 3 8 9 10 11 16 57 69 71 72 75 76 79 81 82 83 84 89 90 91 92 93 97
P10-1084: 1 2 6 7 8 9 10 12 13 17 22 24 25 34 35 43 160 161 162 175 184 191 193 204 209 211 233 234
P11-1050: 1 2 3 4 6 7 9 11 20 21 26 31 37 40 41 45 46 47 112 157 158 161 162 179 180 181 182 183 189 191 192 194
P11-1052: 1 2 4 6 23 26 47 48 52 54 63 72 76 80 84 91 93 94 95 97 98 102 106 107 108 110 138 160 161 162 163 164 165 169 170 190 191 193 221 230
P11-2113: 1 5 8 9 10 11 13 14 15 21 23 25 33 34 36 52 72 80 81 84 85 87 94 107
P13-1099: 1 2 4 5 7 9 10 11 20 24 26 27 61 66 68 69 70 73 74 80 121 122 123 136 137 149 150 189 191 192 193 194 195 196 197 199 209 212 217 220
P13-2099: 1 2 6 9 10 18 19 23 26 50 54 55 58 63 64 65 66 67 86 87 88 89 92 93 94 97
P13-2101: 1 5 7 17 18 21 24 25 26 28 35 36 38 61 63 65 71 72 76 77 78 79 80 81 85 88 97 98 101 102
P14-1115: 1 2 3 5 12 19 22 23 24 49 50 51 52 53 59 60 61 82 83 88 137 139 149 151 156 157 160 168 170 171 183 184 188 189 190 194 201 238 239 240
P14-2040: 1 5 6 25 30 31 70 77 81 90 92 93 94 101 102 103 104 105 106 127 134 140 141
P14-2055: 1 4 5 7 9 10 11 12 14 23 25 32 33 41 57 78 79 80 81 83 84 88 89 90 91 93 94 101 102 110 114 123 125 126 133 135 142 149 150 151 155 157
P14-1086: 1 2 3 4 7 11 12 13 19 20 24 33 34 36 38 39 40 41 44 45 46 49 51 61 62 64 68 69 79 95 97 110 111 141 191 192 193 195
Q13-1008: 1 3 4 5 6 7 10 11 28 32 38 39 41 128 136 140 147 151 152 153 155 169 170 172 175 176 181 183 184 185 186 190 193
W12-1605: 1 3 4 6 9 13 14 20 28 29 32 35 37 40 41 47 48 50 52 57 58 61 62 65 69 85 93 97 117 119 124 128 136 139 143 145 147 155 180 186 199 203
W13-3108: 1 2 4 5 23 24 34 35 42 45 46 60 76 77 78 81 84 90 93 94 95 141 144 157 158 159 161 164 170 172 173 174
W14-4410: 1 2 4 10 11 13 18 49 50 51 53 55 57 76 111 112 122 123 124 129 177 179 181 182 183 185 188 193 194 195 205 207 208
Y14-1054: 1 2 3 4 5 6 15 16 19 25 29 31 32 34 36 40 45 57 58 59 67 68 73 74 75 88 89 90 104 107 117 128 134 135 137 144 145 149 150 151 153 154
