C10-2063: 1 3 11 60 63 84 89 97 103 106 107 108 119 120 123 131 137 141 146 175 181 182
C12-1054: 3 17 39 56 75 79 80 90 91 105 109 120 121 125 127 128 133 179 226 227 276 288
C14-1123: 1 94 95 98 114 115 116 143 158 175 179
D09-1092: 1 2 9 10 12 39 55 56 75 141 142 144 146 205 206 219 220 226 228
D10-1124: 1 2 3 4 5 6 9 10 13 14 16 19 28 42 43 53 59 69 75 86 123 128 129 139 140 159 165 166 185 194 196 217 218 219 227 232 233
D11-1130: 13 38 44 97 100 101 160 161 172 186 188 189 195 198 199
D13-1114: 1 9 22 27 29 33 43 47 48 50 69 70 72 75 76 80 81 82 93 94 137 138 157 164 172 174 246 247 278
D14-1057: 7 8 40 42 44 45 79 81 84 88 97 98 165 170 175 189
L12-1516: 1 5 10 11 14 15 17 18 27 29 30 35 36 38 39 44 47 66 67 73 76
L12-1561: 1 4 5 6 8 9 14 16 20 21 28 29 34 36 37 40 51 52 59 61 67 68 73 102 125 129 153 171 174 176 177 178 179 184 190 192
L14-1615: 1 7 9 10 13 19 20 24 25 27 31 53 56 57 60 65 69 79 80 95 99 113 114 118 123 143 171 177 178 179 180 185
N09-1030: 1 4 5 6 15 21 30 38 47 61 67 69 70 76 96 97 101 104 123 128 130 132 133 152 161 162 163 201 203
N15-2003: 1 2 3 7 10 11 13 14 17 33 37 44 46 52 55 56 58 64 66 67 73 75 76 77 87 108 110 111 116 118 125 127 147 148 161 164 165 175 176 181
P11-1078: 1 3 5 7 9 12 13 14 15 16 21 24 35 36 38 41 73 83 87 158 160 166 167 177 223 225 227 234
P12-1078: 1 3 4 5 6 13 14 15 24 26 30 45 51 52 55 56 64 113 118 138 140 141 142 144 145 146 147 148 152 156 157 159 164 165 179 185
P14-1109: 1 2 3 7 10 13 14 20 23 26 50 60 83 95 97 101 103 115 116 155 175 176 180 191 201 206 209
S13-1016: 4 5 10 11 12 13 31 42 43 45 46 55 58 61 65 69 70 71 72 73 76 77 82
W06-1105: 15 17 45 118 123 138 140 165 168 206 207 212 214 218
W12-2106: 1 2 4 5 33 41 80 129 130 132 137 150 224 226
W13-2027: 6 11 85 87 130 134 155 159 176 177 197 203
W13-2232: 3 12 13 14 30 33 93 95 98 101 106 108 113 116 118 123 128 129 137 138 139 148 153
W14-1108: 1 2 3 4 7 10 15 16 17 38 47 64 65 126 133 139 148 154 164 168 169 172 173 175 178 209 210 213
W15-1203: 1 3 4 9 10 13 15 19 23 26 29 36 37 43 77 78 108 113 121 122 124 127 147 155 174 182 183 184 189 195
W15-1527: 1 4 6 7 8 10 13 14 15 20 21 24 25 26 31 38 42 43 100 134 137 140 142 145 148 199 208 210 214
W15-1704: 1 2 3 4 6 8 12 18 30 38 41 47 50 100 101 102 105 142 158 162 199 200 206 208 215 217
Y09-2036: 1 3 11 15 19 20 21 22 50 60 68 106 107 145 146 147 150 151 155 156
