C04-1200: 1 2 3 4 7 8 17 31 32 37 40 41 42 44 45 46 47 50 51 52 55 63 66 74 75 86 90 98 102 111 112 126 127 129 135 137 144 151 153 154
D09-1017: 1 2 5 11 15 16 18 21 22 32 36 37 42 59 60 62 95 116 117 118 131 132 141 142 143 144 147 183 185 186 191 196 203 205 206 208 233
D10-1005: 6 7 11 12 13 76 90 159 160 163 164 167 170 175 176 183 204 205 206 207 211 214 222 224 226
D13-1171: 1 2 3 8 12 13 14 15 17 18 19 21 24 27 43 44 46 51 61 62 63 67 80 81 82 85 98 106 107 126 129 131 175 178 193 217 220 230 231 237 242 243 245 246 250 251
D14-1052: 1 6 10 11 13 16 29 51 56 57 62 67 68 152 153 177 197 206 210 212 220 243 246
D14-1120: 1 4 7 10 25 65 66 67 96 112 136 137
D14-1169: 1 4 5 7 15 17 18 31 41 43 44 54 55 59 60 64 65 67 68 74 75 79 116 131 145 146 164 167 169 271 273 275 276
E14-1009: 1 2 3 8 9 10 28 41 59 60 83 84 86 94 96 97 98 99 118 127 140 141 150 181 219
I11-1009: 1 2 4 14 16 18 53 56 58 60 72 74 131 132 135 188 189 192
I11-1037: 1 7 8 11 40 41 42 43 44 45 46 47 48 49 50 51 52 55 57 58 63 115 116 117 133 158 160 163
I11-1131: 1 3 5 6 9 10 11 12 15 16 18 20 23 26 27 30 36 38 39 50 52 54 56 190 227 267 272 273
I13-1065: 1 2 3 5 9 10 11 12 13 16 18 30 31 37 38 39 41 44 54 56 69 70 71 73 77 79 80 82 118 119 126 135 142 143 147 160 163 169 170 171 173 178 186 192 195 196 231 232 236 237 238 239 241 242 243 249 252
I13-1114: 1 2 5 7 8 9 16 18 21 24 26 27 28 41 45 57 58 83
L14-1395: 1 2 3 10 11 13 14 21 24 25 29 32 33 34 36 43 56 57 58 63 65 67 68 69 77 87 102 107 109 114 120 123 126 127 135 148 149 163 183 186 188 198 202 204 208 210 211
N13-1041: 1 22 23 26 38 39 49 55 56 62 63 65 71 73 74 79 96 97 98 100 102 117 123 124 125 126 165 167 206 228
P08-1036: 1 2 8 10 11 17 18 19 30 31 48 51 53 64 92 93 97 99 100 104 105 141 152 155 156 157 158 182 222 228 229
P10-1042: 1 3 4 5 9 18 20 21 31 32 33 41 43 44 46 47 52 53 54 59 61 62 63 64 66 67 69 70 71 72 75 78 83 85 86 91 93 95 98 106 107 112 148 154 172 203 204 212 213 214
P11-1015: 1 3 4 6 14 18 20 22 23 44 50 75 81 82 83 85 105 108 118 143 144 150 153 165 173 175 189 190
P11-2100: 1 2 5 6 11 13 19 21 46 51 62 81 91 101 113
P12-1043: 1 4 6 10 11 12 14 22 25 28 33 36 38 39 52 57 63 72 73 79 88 89 92 102 144 158 171 179 186 204 205 206 207 210 212 213 221 225 227
P13-1160: 1 2 6 7 10 11 14 15 18 21 23 25 26 35 38 41 42 49 51 54 56 62 64 67 70 71 80 101 102 124 134 145 164 188 190 204 205 207 209 216 219
P13-2005: 1 3 4 15 16 25 30 35 37 38 76 83 84 88 91 100 105 109 111 112 115 116 117 118 127 134 136
P14-2071: 1 3 10 16 25 28 29 36 41 44 45 55 56 57 58 60 62 63 64 67 68 69 71 77 78 101 102 103 110 115 118 133 137 145 157
R11-1020: 2 3 4 5 6 7 12 14 16 30 31 33 34 37 39 44 46 51 52 67 73 74 79 87 89 91 97 98 108
R13-1016: 1 2 3 8 9 11 15 17 19 20 22 23 25 30 33 34 36 37 39 48 55 56 61 62 68 73 74 77 78 88 110 113 118 119 120
S13-2069: 1 3 4 7 9 10 11 12 14 17 25 26 27 31 34 37 38 40 45 48 49 52 57 70 72 75 88 90 92 93 94 107 108 113 146 151 152 153 154 155
S13-2089: 1 2 4 7 8 11 18 19 20 22 23 33 34 37 39 41 51 52 55 56 58 59 71 74
S14-2020: 1 2 3 6 10 11 19 20 76 77 80 92 93 96 98 103 108 109 114 117 119
S14-2041: 1 3 7 8 13 14 15 19 20 21 25 69 73 84 85 87 88 89 91 92 93 94 95 128 129 130 132 140
S14-2063: 1 2 3 4 5 8 16 19 33 40 42 43 44 49 50 51 82 83 129 130 132 134 135 137 138 142 152 189 190 196
S14-2104: 1 2 5 6 8 13 16 17 19 28 29 30 31 32 39 53 54 69 72 74 75 77 79 85 89 98 117 120 124
S14-2124: 1 3 4 7 11 12 16 22 24 25 26 35 53 67 69 70 73 74 76 88 91 92 94 96
S14-2145: 1 2 7 8 9 10 11 20 21 22 25 29 41 43 44 47 49 64 66 104 106 116 122 124 125 129 134 142 144
S15-2087: 1 2 3 4 6 9 24 25 26 27 34 35 36 39 41 42 49 50 51 52 53 54 79 80 105 106 111 117 134 138 141 142 156 159 160
S15-2095: 1 2 8 9 14 23 24 25 33 34 35 36 37 38 43 44 45 46 47 49 81 87 88 97 101 106 107 115 116 117 118
S15-2128: 1 3 4 6 7 8 13 16 23 24 34 35 36 38 41 42 51 58 66 67 68 80 81 82 85 100 109 114 116 118 120
S15-2129: 1 2 3 6 7 8 9 13 16 30 31 32 34 35 38 54 67 92 93 94 108 110 134 135 148 153
W10-2918: 1 3 4 9 10 13 15 17 18 19 21 22 27 29 30 37 45 49 52 53 54 55 59 65 73 81 82 85 90 91 92 93 95 121 134 136 138 140 141 148
W11-0705: 1 10 11 15 45 52 62 66 89 95 98 102 121 127 173 175 179 182 194 204 212 234 257 262
W11-1712: 1 3 4 9 11 12 30 32 34 38 42 45 49 55 133 195 196 200
W12-4001: 1 2 4 7 8 10 11 12 19 20 21 29 49 51 52 53 58 62 63 66 67 69 71 75 77 90 93 119 130 132 141 160 163 165 183 203 204
W13-4102: 1 2 12 26 27 30 31 32 33 34 35 37 38 39 42 62 65 67 68 69 70 75 80 82 83 100 111 116 120 121 150 170 175 195 196 197 202 203 211
W13-4204: 1 3 16 17 18 34 35 41 43 49 52 53 84 97 99 100 101 109 111 112 113 120 121 122 123 124 127 133
W14-2605: 1 2 3 9 10 11 12 19 24 27 28 29 32 33 36 54 57 58 62 64 70 72 80 84 89 92 94 100 110 114 151 153 166 175 184 189 193 195 198 205
W15-1516: 1 2 3 6 9 10 11 12 13 14 15 26 27 28 44 55 66 70 72 74 75 76 77 78 83 109 114 117 123 127 128 129 130
